(1948,(6045,4198))
(1949,(6056,4193))
(1950,(1221,839))
(1951,(2071,1413))
(1952,(1597,1065))
(1953,(3245,2169))
(1954,(2203,1451))
(1955,(6719,4392))
(1956,(3444,2227))
(1957,(7012,4555))
(1958,(2341,1498))
(1959,(7196,4573))
(1960,(3665,2294))
(1961,(7522,4647))
(1962,(7577,4621))
(1963,(7661,4618))
(1964,(7801,4586))
(1965,(3767,2210))
(1966,(3807,2266))
(1967,(1569,910))
(1968,(64,37))
(1969,(8704,5037))
(1970,(9342,5425))
(1971,(9623,5655))
(1972,(9655,5754))
(1973,(9800,5871))
(1974,(10237,6002))
(1975,(5299,3162))
(1976,(79,47))
(1977,(276,167))
(1978,(11462,6755))
(1979,(11950,7059))
(1980,(1519,909))
(1981,(6089,3637))
(1982,(3079,1838))
(1983,(12057,7328))
(1984,(12164,7323))
(1985,(12497,7575))
(1986,(12811,7817))
(1987,(13247,8134))
(1988,(13863,8477))
(1989,(7267,4613))
(1990,(15227,9482))
(1991,(15461,9641))
(1992,(15603,9806))
(1993,(7896,5077))
(1994,(15745,10242))
(1995,(15751,10321))
(1996,(15887,10529))
(1997,(16154,10807))
(1998,(8295,5648))
(1999,(3387,2321))
(2000,(17649,12109))
(2001,(17962,12289))
(2002,(1643,1134))
(2003,(9209,6372))
(2004,(18811,13207))
(2005,(1597,1112))
(2006,(20028,14011))
(2007,(20520,14363))
(2008,(10208,7295))
(2009,(20123,14479))
(2010,(1407,1010))
