(1880,(471,529))
(1881,(938,997))
(1882,(1028,1099))
(1883,(527,515))
(1884,(1172,1125))
(1885,(1197,1097))
(1886,(641,555))
(1887,(1306,1067))
(1888,(134,107))
(1889,(1479,1111))
(1890,(1534,1161))
(1891,(219,161))
(1892,(1661,1260))
(1893,(1652,1179))
(1894,(1702,1239))
(1895,(1808,1241))
(1896,(1825,1266))
(1897,(1799,1229))
(1898,(395,258))
(1899,(307,200))
(1900,(2226,1507))
(1901,(1943,1210))
(1902,(1021,660))
(1903,(2083,1306))
(1904,(722,465))
(1905,(2235,1421))
(1906,(740,471))
(1907,(2399,1549))
(1908,(1217,792))
(1909,(1274,839))
(1910,(2789,1839))
(1911,(717,500))
(1912,(3443,2906))
(1913,(741,652))
(1914,(1051,940))
(1915,(4969,4392))
(1916,(1721,1511))
(1917,(2656,2301))
(1918,(399,344))
(1919,(5561,4808))
(1920,(1441,1248))
(1921,(2935,2493))
(1922,(5787,4972))
(1923,(5740,4911))
(1924,(5897,4965))
(1925,(5774,4869))
(1926,(5619,4841))
(1927,(5606,4801))
(1928,(1087,945))
(1929,(1055,907))
(1930,(5249,4537))
(1931,(2485,2154))
(1932,(1700,1427))
(1933,(4855,4152))
(1934,(2486,2103))
(1935,(4888,4143))
(1936,(4853,4038))
(1937,(4924,4017))
(1938,(2496,2017))
(1939,(619,496))
(1940,(2511,1969))
(1941,(5083,4000))
(1942,(5376,4045))
(1943,(5366,4043))
(1944,(5246,3907))
(1945,(1749,1262))
(1946,(5686,4013))
(1947,(6103,4256))
